8 0.149827 0.713840 0.064792 0.105224
8 0.092218 0.686618 0.070786 0.093615
8 0.282032 0.664236 0.044416 0.084201
7 0.400591 0.653457 0.142831 0.235474
2 0.338733 0.849773 0.047031 0.082772
2 0.480264 0.768073 0.033852 0.090143
7 0.018327 0.699363 0.036654 0.210561
8 0.208659 0.652063 0.070922 0.113027
0 0.654847 0.660175 0.018832 0.077515
2 0.484343 0.876477 0.044973 0.092818
1 0.532597 0.561862 0.025527 0.042116
0 0.067454 0.729064 0.015052 0.082450
8 0.476092 0.610496 0.020566 0.059592
0 0.048901 0.732261 0.015655 0.075615
2 0.525484 0.692094 0.028720 0.083270
1 0.555240 0.547108 0.023051 0.042077
0 0.254253 0.692872 0.014035 0.067510
2 0.533918 0.669976 0.029283 0.084235
8 0.321099 0.658014 0.021871 0.060641
0 0.499296 0.512161 0.011404 0.039614
