8 0.256605 0.684069 0.061153 0.099911
8 0.236827 0.596580 0.050004 0.060896
1 0.472638 0.703121 0.067500 0.100263
1 0.095738 0.780495 0.156605 0.129360
8 0.208869 0.661366 0.046875 0.077466
8 0.374585 0.646441 0.035025 0.059428
1 0.571125 0.666425 0.045557 0.077227
7 0.587160 0.572281 0.053930 0.105975
7 0.055936 0.643206 0.111871 0.163571
1 0.929107 0.609231 0.044016 0.057751
8 0.301685 0.635225 0.058900 0.072219
2 0.822955 0.613504 0.025357 0.062228
0 0.681064 0.651493 0.022642 0.085282
2 0.479778 0.611583 0.016498 0.054956
0 0.296278 0.679875 0.012201 0.047835
0 0.439838 0.580690 0.010975 0.051678
8 0.415077 0.593430 0.029286 0.044897
0 0.419053 0.644797 0.015096 0.063471
7 0.512468 0.505438 0.028814 0.061994
7 0.512674 0.595192 0.033153 0.095740
0 0.169730 0.680204 0.016177 0.090535
