8 0.215837 0.662133 0.063771 0.088332
8 0.271003 0.634203 0.047879 0.069380
8 0.234690 0.593897 0.045404 0.060681
1 0.586943 0.647901 0.043406 0.076002
8 0.552303 0.523975 0.022700 0.052668
7 0.390642 0.603858 0.138599 0.154365
2 0.384358 0.802061 0.047294 0.120590
8 0.306588 0.648714 0.039657 0.072762
7 0.914592 0.661488 0.170576 0.171611
7 0.055281 0.662380 0.110562 0.199396
2 0.506023 0.611131 0.021906 0.071659
2 0.469239 0.682332 0.022260 0.083275
8 0.190801 0.927919 0.123502 0.105841
0 0.529135 0.534985 0.012334 0.047148
8 0.501328 0.470213 0.022058 0.040178
