8 0.297657 0.871228 0.105025 0.143921
1 0.049788 0.668707 0.099575 0.097470
8 0.424608 0.607106 0.028506 0.063236
7 0.458476 0.539121 0.055824 0.094581
1 0.528753 0.672213 0.056501 0.091353
8 0.109633 0.880305 0.134215 0.144504
1 0.254767 0.622002 0.084078 0.071489
8 0.293420 0.684677 0.057196 0.086863
2 0.814372 0.599202 0.020180 0.060263
2 0.478908 0.630870 0.022495 0.068467
8 0.905651 0.596252 0.053903 0.058301
8 0.518050 0.535967 0.019849 0.042857
0 0.398941 0.616293 0.014205 0.066773
2 0.763204 0.581831 0.021025 0.059462
2 0.474077 0.933708 0.058778 0.107266
1 0.537250 0.561253 0.025857 0.042004
8 0.537517 0.561506 0.026142 0.043354
1 0.557260 0.540766 0.023252 0.041408
2 0.762808 0.614787 0.026781 0.059549
8 0.557678 0.541720 0.023389 0.040442
