8 0.161929 0.729744 0.065119 0.112442
1 0.274620 0.823943 0.128861 0.141370
8 0.363987 0.632395 0.055316 0.070303
8 0.289382 0.660378 0.055978 0.077365
8 0.500441 0.581081 0.026803 0.066078
1 0.833014 0.623252 0.068091 0.077471
2 0.542645 0.580155 0.015348 0.057500
0 0.014382 0.745115 0.028764 0.124775
0 0.405874 0.612452 0.014095 0.071313
0 0.082448 0.747952 0.026240 0.126678
8 0.232014 0.601390 0.052598 0.073312
0 0.057466 0.723604 0.025235 0.120062
1 0.706473 0.570892 0.035786 0.044273
2 0.741111 0.572078 0.012887 0.041896
0 0.507398 0.514986 0.011565 0.040024
7 0.506486 0.461708 0.025322 0.059837
2 0.011139 0.589411 0.021609 0.049699
0 0.464235 0.536072 0.010678 0.046820
0 0.541169 0.512316 0.010734 0.041609
0 0.061391 0.731446 0.031877 0.134704
0 0.249608 0.636695 0.013031 0.058519
0 0.524227 0.511467 0.011041 0.039915
0 0.487840 0.514299 0.013298 0.043308
