2 0.513635 0.837028 0.043477 0.132897
1 0.571404 0.604305 0.034864 0.063341
8 0.489503 0.591711 0.026660 0.063329
7 0.208323 0.788052 0.410763 0.337541
8 0.922176 0.653974 0.047996 0.076290
8 0.480493 0.521746 0.020051 0.041308
7 0.281351 0.587384 0.264299 0.097668
6 0.964547 0.693316 0.070747 0.138246
8 0.515938 0.580149 0.025707 0.056036
8 0.519906 0.533495 0.019696 0.036592
8 0.534333 0.546193 0.023163 0.043595
0 0.424162 0.591296 0.011359 0.058841
0 0.432744 0.593954 0.013405 0.062442
8 0.561353 0.541741 0.023011 0.038221
6 0.963576 0.714243 0.071902 0.087141
6 0.966133 0.665007 0.067734 0.201270
