8 0.475536 0.533158 0.018218 0.039672
8 0.211875 0.667471 0.068244 0.089200
1 0.517805 0.640011 0.048583 0.072781
8 0.396995 0.645039 0.036814 0.066337
8 0.318889 0.658572 0.041947 0.072591
1 0.424650 0.758921 0.106124 0.140469
7 0.097230 0.768122 0.193943 0.275718
2 0.492665 0.570726 0.013631 0.050354
0 0.264691 0.687668 0.017512 0.071020
8 0.276603 0.638331 0.052747 0.071366
2 0.568298 0.567215 0.014379 0.048614
7 0.094861 0.730767 0.186982 0.197427
0 0.452989 0.536006 0.010457 0.041512
1 0.011339 0.586496 0.022446 0.055765
0 0.788705 0.568495 0.011777 0.044499
0 0.624249 0.581013 0.011231 0.041007
