8 0.350518 0.787791 0.081609 0.132562
8 0.887407 0.625090 0.040476 0.067482
8 0.347094 0.692541 0.055789 0.078015
8 0.503671 0.659549 0.034200 0.078231
1 0.443640 0.681296 0.051558 0.090272
2 0.919711 0.732441 0.039923 0.103921
1 0.605662 0.771828 0.073403 0.131070
7 0.190248 0.687240 0.249338 0.244722
2 0.787169 0.627009 0.021938 0.068872
2 0.655520 0.862042 0.038049 0.136989
2 0.843191 0.639068 0.023969 0.070852
0 0.032399 0.757373 0.026774 0.115695
1 0.598808 0.610336 0.034556 0.067260
8 0.416448 0.587158 0.026778 0.058185
1 0.556068 0.647960 0.038016 0.069705
2 0.734901 0.590306 0.017591 0.053544
0 0.006521 0.744847 0.013041 0.113069
2 0.570083 0.708338 0.019856 0.063454
8 0.010910 0.590127 0.021513 0.050368
8 0.654415 0.527047 0.023716 0.034613
