8 0.445182 0.770590 0.061571 0.124679
8 0.170636 0.631403 0.052862 0.075269
8 0.207316 0.666805 0.072948 0.092006
1 0.759152 0.609983 0.051141 0.067780
8 0.227590 0.872140 0.118646 0.133645
6 0.876934 0.645800 0.074244 0.106164
8 0.478328 0.570240 0.023309 0.049095
0 0.843425 0.803715 0.027955 0.106036
2 0.476666 0.663792 0.022754 0.074861
7 0.056152 0.825888 0.112304 0.284421
8 0.269877 0.644270 0.072680 0.086643
2 0.508154 0.557002 0.013268 0.045691
0 0.315159 0.664700 0.018515 0.065953
2 0.109296 0.605419 0.019641 0.061404
1 0.535739 0.529878 0.020697 0.044613
0 0.059508 0.577118 0.015995 0.055218
8 0.502743 0.509507 0.015349 0.035249
8 0.469366 0.533374 0.017879 0.033918
8 0.714439 0.585358 0.024373 0.045246
