8 0.292492 0.790665 0.080874 0.147681
1 0.050464 0.668439 0.100792 0.095743
2 0.477680 0.778377 0.035098 0.089758
8 0.467728 0.707773 0.052108 0.091938
8 0.459331 0.600019 0.027706 0.058096
8 0.080915 0.864053 0.125673 0.137569
1 0.255248 0.621866 0.085262 0.072488
8 0.498308 0.516720 0.016629 0.034310
0 0.405544 0.619531 0.016413 0.065461
2 0.699918 0.583327 0.015687 0.053232
8 0.903280 0.596135 0.056347 0.057367
2 0.516966 0.502789 0.009759 0.035664
8 0.754323 0.582730 0.031311 0.061334
0 0.361563 0.633144 0.019971 0.064795
0 0.365036 0.632965 0.019205 0.063845
