8 0.170147 0.632920 0.051870 0.076441
8 0.040792 0.736986 0.054084 0.118671
8 0.208081 0.667067 0.078047 0.097518
1 0.532261 0.628246 0.041337 0.064982
2 0.414471 0.751971 0.039270 0.109469
8 0.841917 0.619000 0.040374 0.065729
8 0.463478 0.537196 0.018863 0.044143
8 0.266385 0.645806 0.069806 0.085910
2 0.578971 0.652570 0.022363 0.072202
2 0.795326 0.630157 0.023031 0.057815
0 0.309690 0.704711 0.023906 0.101726
8 0.496303 0.533159 0.017980 0.041125
2 0.350336 0.920643 0.048658 0.098425
1 0.530499 0.516094 0.021512 0.038453
8 0.276663 0.641293 0.061926 0.080071
2 0.492646 0.579968 0.015823 0.058067
8 0.702511 0.547211 0.022391 0.041756
2 0.492515 0.580808 0.014773 0.056033
2 0.541992 0.566598 0.017169 0.048933
