8 0.170527 0.631414 0.053554 0.075696
8 0.207369 0.667574 0.074324 0.091987
1 0.491286 0.626583 0.045453 0.071328
2 0.419423 0.681704 0.026274 0.079273
2 0.829551 0.613116 0.022167 0.053066
8 0.282397 0.633953 0.058923 0.096097
8 0.442595 0.568195 0.025950 0.046906
8 0.778331 0.595883 0.029712 0.058262
8 0.518753 0.504402 0.015428 0.035419
8 0.473822 0.529675 0.022743 0.039634
8 0.256535 0.647640 0.058398 0.081026
1 0.011013 0.591777 0.021821 0.049330
1 0.678097 0.551232 0.029553 0.041270
8 0.498985 0.513433 0.013894 0.033601
2 0.414259 0.621170 0.020097 0.055703
