8 0.399439 0.864683 0.091410 0.144293
8 0.428152 0.754020 0.066883 0.097796
2 0.300827 0.804462 0.054464 0.110625
1 0.642717 0.713707 0.064516 0.104803
8 0.480880 0.662170 0.034842 0.069058
1 0.171987 0.622593 0.060535 0.067246
7 0.045188 0.795217 0.090376 0.314429
1 0.580728 0.668120 0.044523 0.074411
1 0.026138 0.594889 0.051681 0.074504
8 0.510003 0.630650 0.025506 0.056461
7 0.474944 0.556261 0.040847 0.100871
1 0.547174 0.635884 0.029863 0.056996
0 0.117034 0.841503 0.030637 0.148148
0 0.149510 0.843682 0.026961 0.139434
8 0.264093 0.671569 0.072304 0.100218
