8 0.214781 0.667517 0.075490 0.099874
8 0.235379 0.594730 0.046333 0.060867
1 0.723986 0.583505 0.038713 0.043897
1 0.486129 0.650883 0.053353 0.080508
8 0.374556 0.655285 0.040217 0.080581
0 0.295895 0.642312 0.017439 0.078107
8 0.480932 0.579485 0.025031 0.052740
1 0.543961 0.605933 0.029995 0.056012
8 0.521001 0.509348 0.020186 0.037196
7 0.056417 0.664815 0.112833 0.209650
2 0.521624 0.690439 0.022269 0.079896
8 0.433023 0.570937 0.026554 0.050801
2 0.751633 0.576915 0.015260 0.044816
2 0.548645 0.560604 0.018273 0.042337
2 0.487582 0.525701 0.013126 0.039435
