8 0.211454 0.668289 0.071447 0.094666
8 0.464531 0.700015 0.048900 0.089391
1 0.874066 0.644938 0.066165 0.077630
8 0.280688 0.648612 0.053074 0.085120
8 0.384501 0.638233 0.035336 0.065575
8 0.234942 0.593060 0.045956 0.059950
8 0.473550 0.527420 0.016091 0.039943
8 0.801778 0.604204 0.035085 0.064681
8 0.467274 0.625657 0.038108 0.052160
2 0.538064 0.584022 0.014399 0.051240
0 0.246716 0.714878 0.016574 0.066422
8 0.562895 0.558738 0.025857 0.041191
8 0.424396 0.617461 0.039156 0.064326
2 0.511431 0.572798 0.014587 0.056406
2 0.512457 0.579590 0.013579 0.050028
8 0.428085 0.623146 0.032576 0.065445
