8 0.211198 0.678269 0.073862 0.117186
1 0.240379 0.860596 0.165163 0.132123
7 0.356027 0.615345 0.205074 0.190345
1 0.547472 0.594015 0.035373 0.057689
8 0.072674 0.694089 0.044952 0.091077
7 0.016781 0.698537 0.033562 0.218722
8 0.169871 0.631434 0.053188 0.078089
2 0.494496 0.546009 0.015166 0.048076
0 0.060283 0.792876 0.035956 0.103790
0 0.124382 0.710386 0.017275 0.091798
7 0.511691 0.500322 0.031294 0.064530
8 0.098153 0.656578 0.064671 0.086166
8 0.080373 0.679677 0.055819 0.106685
1 0.010668 0.589768 0.021220 0.040736
0 0.142770 0.712963 0.018382 0.091503
