8 0.210324 0.660688 0.053578 0.084704
1 0.539049 0.615711 0.039268 0.064722
7 0.544767 0.501921 0.034431 0.072796
2 0.466038 0.673558 0.027233 0.088368
8 0.234637 0.592734 0.044964 0.061139
8 0.274208 0.682813 0.076317 0.094902
2 0.353061 0.763558 0.036798 0.086880
8 0.510192 0.562868 0.021937 0.054086
8 0.426469 0.577644 0.024750 0.051756
8 0.306939 0.664200 0.039848 0.075605
0 0.421281 0.607629 0.017060 0.062351
2 0.011541 0.587419 0.022633 0.059378
8 0.509930 0.516670 0.019669 0.036460
0 0.491975 0.513549 0.010440 0.035791
0 0.423539 0.598402 0.020404 0.079594
0 0.468954 0.534995 0.012091 0.038041
