8 0.215395 0.666840 0.076208 0.086675
7 0.474296 0.608020 0.103920 0.148038
8 0.054077 0.632877 0.062377 0.071967
2 0.106155 0.657985 0.036579 0.077322
8 0.183669 0.627158 0.064110 0.078204
1 0.562863 0.580037 0.031799 0.050460
2 0.575256 0.652949 0.020942 0.073704
2 0.349055 0.912270 0.060023 0.127073
8 0.317303 0.635085 0.079668 0.086170
0 0.270189 0.709562 0.015871 0.061184
8 0.261868 0.570609 0.027318 0.050188
0 0.334757 0.683152 0.015613 0.064637
8 0.518175 0.525717 0.016740 0.030276
0 0.312295 0.684225 0.014079 0.059858
8 0.531567 0.512106 0.012672 0.025347
8 0.333083 0.626238 0.058959 0.071581
0 0.136002 0.663530 0.023749 0.084078
8 0.506050 0.515781 0.018492 0.031338
2 0.698529 0.577887 0.017157 0.052288
