1 0.608866 0.639515 0.049338 0.069939
1 0.371490 0.660242 0.095647 0.088509
1 0.527728 0.845701 0.099619 0.136128
2 0.424729 0.785519 0.035587 0.113299
8 0.210288 0.668342 0.061859 0.085911
2 0.544533 0.671515 0.021504 0.075136
8 0.267392 0.664113 0.073767 0.088107
1 0.625921 0.776514 0.057921 0.117813
0 0.053360 0.720456 0.024080 0.107836
2 0.503298 0.716985 0.025934 0.071938
8 0.307480 0.644106 0.047314 0.068359
1 0.932866 0.605466 0.037224 0.052310
0 0.089385 0.626166 0.019216 0.073230
0 0.084444 0.717930 0.025484 0.108525
8 0.495344 0.639081 0.035059 0.096832
8 0.496257 0.624951 0.033477 0.070733
8 0.776228 0.601207 0.048275 0.078869
2 0.409348 0.613826 0.017184 0.057312
0 0.426814 0.609539 0.015456 0.060228
6 0.541054 0.513617 0.040441 0.067538
