6 0.648810 0.650043 0.051896 0.100737
8 0.092944 0.659298 0.042953 0.093678
7 0.286305 0.685042 0.224458 0.195196
1 0.591880 0.735831 0.066869 0.108471
2 0.667715 0.743672 0.024640 0.083781
7 0.458946 0.763489 0.072984 0.186625
0 0.151343 0.707099 0.025114 0.115159
7 0.587689 0.560708 0.067180 0.094287
7 0.528766 0.511716 0.032652 0.070999
7 0.516797 0.598606 0.077308 0.097921
2 0.436701 0.600882 0.014949 0.052300
2 0.436365 0.601760 0.014368 0.052045
0 0.698531 0.669630 0.012579 0.066701
0 0.708946 0.654139 0.013480 0.078431
0 0.682598 0.653050 0.012255 0.084967
0 0.415441 0.601852 0.017157 0.056645
