8 0.180891 0.628023 0.052389 0.070904
1 0.638716 0.738273 0.051417 0.095589
2 0.434423 0.804606 0.043564 0.109015
2 0.322769 0.800452 0.045662 0.125044
8 0.570390 0.629842 0.027941 0.060854
1 0.614941 0.631220 0.042418 0.063721
7 0.484017 0.654252 0.136989 0.193821
8 0.214254 0.665500 0.073077 0.084584
8 0.018383 0.720316 0.036766 0.106501
8 0.395419 0.618668 0.029740 0.055312
0 0.107294 0.736686 0.027360 0.115934
8 0.885763 0.622895 0.036918 0.060780
0 0.171652 0.721797 0.017821 0.098585
0 0.139426 0.719161 0.020652 0.102699
8 0.470045 0.530194 0.026019 0.044179
8 0.317909 0.635199 0.071874 0.088616
0 0.196798 0.724431 0.016856 0.074745
8 0.253948 0.657116 0.063199 0.089965
8 0.339240 0.626054 0.045962 0.069096
8 0.240110 0.659962 0.081019 0.090217
1 0.544020 0.512935 0.023657 0.034342
0 0.515674 0.523883 0.011089 0.039214
0 0.496292 0.525580 0.013318 0.047011
2 0.596852 0.698117 0.020158 0.064987
6 0.844363 0.631264 0.051471 0.093682
