0 0.462034 0.633480 0.023090 0.072430
2 0.217102 0.858654 0.073220 0.135496
8 0.488429 0.569061 0.023312 0.049112
2 0.490689 0.619741 0.017448 0.058127
2 0.520086 0.535396 0.013113 0.039942
8 0.486809 0.520702 0.017981 0.038231
0 0.299125 0.652867 0.017283 0.079851
1 0.747603 0.597042 0.048272 0.054159
8 0.965160 0.780902 0.069581 0.129934
1 0.236217 0.641065 0.090330 0.075410
0 0.410831 0.592671 0.012436 0.059035
0 0.279719 0.658587 0.013640 0.073853
0 0.295554 0.654640 0.017724 0.082189
2 0.699261 0.548617 0.011401 0.041353
8 0.235864 0.592939 0.048457 0.057219
8 0.523160 0.498159 0.017642 0.029632
0 0.698956 0.550171 0.011020 0.040960
8 0.011437 0.589832 0.022660 0.051283
