8 0.170486 0.630568 0.052254 0.072559
8 0.399994 0.696019 0.049895 0.080388
2 0.165553 0.728706 0.031826 0.087094
8 0.210520 0.658416 0.048488 0.076513
2 0.519478 0.517953 0.013836 0.042387
2 0.146573 0.831779 0.056439 0.129718
2 0.516478 0.595141 0.017801 0.064736
8 0.264028 0.645962 0.080994 0.085155
6 0.433254 0.816876 0.144261 0.190000
2 0.483737 0.594106 0.019838 0.060096
2 0.484908 0.508468 0.012004 0.037306
1 0.790526 0.627959 0.049012 0.060059
2 0.316746 0.679440 0.033134 0.074677
0 0.436895 0.569939 0.012286 0.055551
1 0.081663 0.940159 0.161432 0.089247
1 0.628617 0.531716 0.020112 0.032901
2 0.849304 0.625696 0.022432 0.058096
8 0.276695 0.641971 0.059499 0.081575
8 0.011349 0.580519 0.022698 0.068137
2 0.212897 0.554829 0.012664 0.043651
2 0.407108 0.615499 0.018797 0.062217
