8 0.170850 0.631444 0.054302 0.075092
1 0.598662 0.691069 0.051799 0.080556
8 0.207465 0.667179 0.074350 0.091955
7 0.514911 0.549873 0.041859 0.088152
8 0.306619 0.762940 0.072396 0.125322
2 0.395694 0.810174 0.043839 0.114066
8 0.568199 0.612481 0.027459 0.058392
2 0.486734 0.767866 0.034604 0.119171
1 0.761795 0.598307 0.048176 0.067105
8 0.283895 0.629011 0.059921 0.089929
2 0.423307 0.634772 0.018128 0.055556
8 0.473234 0.530111 0.022685 0.037954
8 0.431235 0.598956 0.031959 0.043728
8 0.258746 0.647263 0.053471 0.078851
2 0.084003 0.575364 0.060939 0.060035
8 0.273989 0.638633 0.076005 0.092456
