7 0.582956 0.660756 0.054796 0.134846
8 0.312771 0.634451 0.034871 0.064860
8 0.234964 0.594600 0.045637 0.063736
8 0.344417 0.660055 0.044168 0.078056
1 0.495361 0.901416 0.123744 0.127037
2 0.480884 0.717327 0.035052 0.103530
7 0.046888 0.788665 0.093695 0.289983
2 0.218248 0.666303 0.024266 0.081359
8 0.756487 0.584561 0.034163 0.068938
1 0.566278 0.570284 0.031188 0.044425
2 0.490541 0.594772 0.017116 0.049444
2 0.261825 0.651209 0.038068 0.071407
8 0.535731 0.560071 0.023066 0.042103
2 0.272567 0.658248 0.022407 0.056057
2 0.266938 0.658854 0.031131 0.065271
0 0.178375 0.553384 0.015439 0.047338
