8 0.298780 0.737802 0.064071 0.108299
8 0.238335 0.596301 0.050097 0.066062
0 0.060462 0.704699 0.027363 0.111947
2 0.326825 0.817594 0.048990 0.114606
0 0.499720 0.699514 0.026730 0.125068
0 0.112321 0.687223 0.024397 0.108578
8 0.201207 0.689110 0.105709 0.150446
2 0.480926 0.593469 0.016000 0.052397
8 0.471406 0.550409 0.020756 0.045536
8 0.749173 0.568008 0.024442 0.052941
7 0.546882 0.524555 0.033179 0.082177
0 0.450605 0.555529 0.011586 0.049315
1 0.680602 0.558048 0.030085 0.040134
2 0.499714 0.683921 0.025917 0.089842
2 0.010953 0.587872 0.021237 0.055376
1 0.201103 0.686146 0.104080 0.157125
1 0.508893 0.555246 0.028347 0.043334
0 0.915461 0.609069 0.014741 0.055474
8 0.507283 0.476199 0.020234 0.035627
0 0.521505 0.570732 0.011077 0.054795
1 0.508481 0.542155 0.027209 0.058427
