8 0.239051 0.598185 0.048250 0.066603
2 0.364606 0.836465 0.050302 0.131602
8 0.457428 0.647595 0.036960 0.071314
8 0.492961 0.589805 0.025309 0.057835
8 0.356872 0.634829 0.058261 0.072084
0 0.020365 0.756354 0.034600 0.121843
7 0.506659 0.501839 0.032809 0.077808
8 0.763970 0.585581 0.031907 0.056321
2 0.486146 0.761820 0.035370 0.104636
2 0.434762 0.725141 0.034306 0.091797
0 0.130848 0.657560 0.023075 0.096931
6 0.828051 0.633386 0.058651 0.095306
8 0.550346 0.517845 0.022444 0.041156
6 0.817992 0.631848 0.083420 0.099216
0 0.173985 0.658746 0.019205 0.094745
0 0.421536 0.618171 0.015226 0.057088
0 0.192869 0.628873 0.022001 0.076620
0 0.198146 0.631480 0.016269 0.078743
0 0.218923 0.631357 0.014413 0.073709
0 0.184953 0.632134 0.027301 0.083851
0 0.204212 0.632167 0.010286 0.076546
0 0.402019 0.607791 0.010645 0.058092
0 0.915251 0.614373 0.015128 0.057046
2 0.011105 0.589474 0.021660 0.051970
