1 0.536458 0.712500 0.069792 0.102778
1 0.528906 0.602778 0.036979 0.061111
8 0.333073 0.623611 0.056771 0.065741
8 0.120573 0.704167 0.081771 0.095370
2 0.353646 0.756019 0.041667 0.102778
2 0.422135 0.654630 0.022396 0.077778
7 0.466406 0.521296 0.036979 0.072222
2 0.569531 0.573611 0.016146 0.052778
8 0.192188 0.674537 0.079167 0.106481
7 0.018490 0.705556 0.036979 0.211111
8 0.265625 0.689815 0.056250 0.101852
8 0.472656 0.605093 0.030729 0.069444
0 0.066146 0.734722 0.018750 0.065741
8 0.497917 0.497222 0.014583 0.037037
