8 0.176892 0.675388 0.073207 0.098220
1 0.476202 0.680425 0.060157 0.086929
8 0.234525 0.592655 0.044137 0.059266
8 0.536491 0.636390 0.041552 0.080385
2 0.565029 0.597845 0.015783 0.057527
7 0.855754 0.627441 0.185834 0.150020
2 0.386702 0.668657 0.027097 0.076276
2 0.487422 0.523403 0.013210 0.043357
8 0.403532 0.600159 0.023795 0.047718
2 0.441369 0.868145 0.052265 0.128207
8 0.274402 0.634383 0.058914 0.075247
8 0.427249 0.575693 0.028933 0.047266
0 0.120947 0.710742 0.019926 0.099413
0 0.093133 0.716497 0.023365 0.105777
2 0.429557 0.624055 0.015827 0.053565
8 0.545396 0.515823 0.023263 0.049737
0 0.285305 0.751653 0.022229 0.088067
2 0.247557 0.810152 0.058124 0.100063
2 0.452660 0.551027 0.014248 0.041326
8 0.221729 0.656888 0.055330 0.079916
2 0.244557 0.789539 0.059483 0.099748
2 0.010994 0.592653 0.021087 0.047644
2 0.237991 0.775634 0.048161 0.076002
