1 0.242963 0.711262 0.087913 0.097118
8 0.390011 0.621386 0.034986 0.065247
7 0.467630 0.520262 0.035757 0.076353
7 0.091199 0.836946 0.182397 0.309498
8 0.461666 0.598586 0.026972 0.054500
8 0.331340 0.631207 0.047410 0.070256
8 0.279869 0.643614 0.051284 0.074482
2 0.560090 0.558760 0.012841 0.045791
8 0.194292 0.681639 0.089315 0.122006
8 0.511506 0.555811 0.022645 0.049400
2 0.540357 0.560147 0.010806 0.045747
2 0.693780 0.557527 0.015325 0.043128
8 0.263515 0.644077 0.070333 0.074922
2 0.935239 0.654331 0.024846 0.064115
0 0.439338 0.601852 0.013480 0.061002
