1 0.045114 0.666583 0.090227 0.103640
8 0.518417 0.609670 0.029449 0.072687
8 0.454310 0.603012 0.027372 0.058180
7 0.278651 0.640648 0.267704 0.194548
0 0.817266 0.591116 0.011871 0.052422
1 0.570230 0.590753 0.033271 0.051565
0 0.426717 0.601467 0.013176 0.065574
8 0.911200 0.595589 0.041252 0.054314
0 0.834340 0.591536 0.011758 0.053230
8 0.746374 0.581179 0.028126 0.056318
8 0.535062 0.554982 0.025775 0.045198
2 0.725877 0.603179 0.017802 0.057266
7 0.511188 0.477147 0.025978 0.056542
6 0.959844 0.672640 0.079796 0.119441
