8 0.252942 0.654972 0.064733 0.082372
8 0.832026 0.632594 0.040967 0.068504
1 0.582602 0.625714 0.038943 0.064891
0 0.123320 0.658591 0.022401 0.100124
8 0.419270 0.608095 0.028654 0.064657
2 0.463381 0.634501 0.021529 0.078226
1 0.732008 0.595536 0.046636 0.058307
0 0.009277 0.682287 0.018490 0.094148
6 0.916286 0.682633 0.068321 0.089281
2 0.494969 0.555339 0.014317 0.047959
8 0.486550 0.513788 0.015899 0.034119
0 0.175843 0.684552 0.022632 0.098165
0 0.037695 0.755968 0.032964 0.125397
0 0.333856 0.654778 0.015733 0.066592
1 0.559196 0.584267 0.029642 0.048937
8 0.521210 0.554251 0.019782 0.044305
1 0.915298 0.682639 0.066780 0.087828
8 0.235465 0.592865 0.046865 0.058381
0 0.194566 0.633292 0.019243 0.074176
6 0.939464 0.663961 0.121072 0.136667
0 0.199961 0.634578 0.019043 0.077133
