8 0.211340 0.668430 0.070993 0.096773
8 0.460433 0.611181 0.029924 0.066644
8 0.276582 0.640545 0.054490 0.074006
8 0.364594 0.649565 0.043294 0.075674
8 0.795944 0.608365 0.041403 0.058157
2 0.301630 0.761019 0.044036 0.107372
0 0.523694 0.609096 0.014285 0.067163
8 0.520354 0.509606 0.017411 0.037499
2 0.499673 0.561975 0.014499 0.050638
2 0.903484 0.661481 0.029257 0.065439
8 0.313605 0.629780 0.051641 0.068012
2 0.139426 0.918593 0.069420 0.119257
8 0.491720 0.498445 0.017334 0.030778
0 0.544595 0.610001 0.018353 0.066354
2 0.544832 0.610353 0.018560 0.067629
1 0.011302 0.593493 0.022367 0.043910
