8 0.236835 0.600598 0.051679 0.071089
8 0.344850 0.685683 0.045945 0.088205
8 0.502288 0.701149 0.048469 0.100760
8 0.297852 0.796556 0.078605 0.142162
8 0.151423 0.899545 0.126423 0.133298
8 0.294093 0.666586 0.062075 0.080923
7 0.049211 0.792770 0.098421 0.300330
2 0.898948 0.655092 0.035588 0.089446
1 0.736470 0.590802 0.055295 0.056981
8 0.482102 0.554525 0.024048 0.061152
8 0.505129 0.519287 0.017128 0.048923
2 0.539245 0.506970 0.010809 0.037486
2 0.475315 0.643104 0.026498 0.067787
1 0.742014 0.595581 0.045398 0.053855
8 0.011336 0.593655 0.022305 0.046647
0 0.396875 0.623420 0.013082 0.064519
1 0.010985 0.593339 0.021899 0.048857
