1 0.571610 0.734143 0.072275 0.114353
7 0.170580 0.760323 0.286527 0.288147
7 0.585363 0.613829 0.058939 0.110670
8 0.455626 0.640147 0.033937 0.067010
7 0.892234 0.632117 0.195399 0.171828
0 0.337883 0.660217 0.016873 0.087010
0 0.399118 0.635789 0.015665 0.059284
0 0.378709 0.646300 0.012057 0.080115
8 0.438587 0.620641 0.028871 0.063084
0 0.367509 0.649461 0.018628 0.077742
0 0.369815 0.644905 0.017245 0.081737
0 0.362112 0.652202 0.014060 0.083589
0 0.508656 0.633278 0.020804 0.066626
0 0.375459 0.645999 0.014335 0.077312
0 0.359269 0.655809 0.014170 0.089903
