1 0.426096 0.716925 0.070947 0.089702
1 0.574078 0.764360 0.076876 0.110181
8 0.181295 0.705420 0.083446 0.108175
8 0.086813 0.704559 0.083340 0.120461
8 0.269959 0.658282 0.066657 0.094862
1 0.612166 0.656825 0.047437 0.071372
2 0.551095 0.666977 0.024782 0.075410
2 0.477986 0.620742 0.023997 0.063973
1 0.713986 0.586759 0.035849 0.054551
1 0.518517 0.570631 0.024753 0.041248
1 0.569752 0.600646 0.035221 0.054976
2 0.329759 0.749768 0.038831 0.071662
1 0.561805 0.549027 0.031452 0.041588
8 0.298866 0.642927 0.054193 0.092613
2 0.849877 0.625817 0.028186 0.065359
