7 0.449648 0.550082 0.066186 0.099338
8 0.180365 0.629860 0.054453 0.075976
1 0.558316 0.620510 0.038356 0.065266
1 0.586125 0.692214 0.050124 0.105171
1 0.492384 0.680769 0.061059 0.085863
2 0.409367 0.745197 0.041523 0.102652
1 0.194483 0.711607 0.126851 0.100431
8 0.500068 0.540404 0.018603 0.045556
2 0.697742 0.551007 0.013735 0.044433
8 0.313705 0.636640 0.070216 0.083726
8 0.214782 0.662390 0.070803 0.079570
7 0.020586 0.787866 0.041172 0.268654
0 0.449590 0.615253 0.012052 0.052190
8 0.541067 0.530426 0.023052 0.042253
0 0.347481 0.675561 0.012197 0.059914
8 0.260873 0.674443 0.028727 0.056863
2 0.744589 0.582680 0.019354 0.055798
0 0.418514 0.621042 0.016472 0.058192
8 0.511297 0.488189 0.017442 0.034292
7 0.971721 0.627602 0.056003 0.173462
1 0.022168 0.592248 0.042386 0.044266
8 0.020803 0.709767 0.041495 0.111627
1 0.436275 0.924292 0.154412 0.148148
