1 0.368918 0.654680 0.062091 0.070733
0 0.920126 0.808293 0.030003 0.129284
8 0.498133 0.615792 0.030952 0.065240
7 0.465890 0.523456 0.034770 0.073193
2 0.526177 0.584926 0.016360 0.052307
8 0.187430 0.681963 0.075938 0.095063
8 0.274938 0.646021 0.060320 0.081577
8 0.269130 0.534733 0.024052 0.042571
8 0.328458 0.630226 0.049795 0.074707
2 0.681371 0.553879 0.016056 0.036862
1 0.012173 0.588689 0.023695 0.047787
2 0.531824 0.518810 0.012874 0.047018
8 0.259754 0.649627 0.075869 0.085808
2 0.530484 0.523699 0.012716 0.038472
2 0.513120 0.508559 0.011735 0.037621
8 0.131731 0.640382 0.067158 0.076402
3 0.243260 0.844771 0.231618 0.246187
