8 0.171422 0.631019 0.055293 0.075930
8 0.489551 0.654400 0.038668 0.077584
2 0.082536 0.864714 0.082035 0.140298
8 0.433600 0.648173 0.040313 0.074751
8 0.205052 0.666336 0.070576 0.091933
8 0.887906 0.654602 0.053032 0.077338
2 0.208018 0.858946 0.072988 0.129940
0 0.335560 0.657096 0.014789 0.066592
1 0.552438 0.586434 0.031658 0.049770
8 0.270330 0.645298 0.078565 0.085861
2 0.505549 0.579629 0.015582 0.052027
8 0.497913 0.496903 0.023868 0.034283
8 0.743810 0.579470 0.031311 0.050779
8 0.491938 0.496824 0.023419 0.036225
2 0.708270 0.567662 0.012510 0.044465
0 0.624269 0.579279 0.011274 0.039942
1 0.520221 0.535403 0.023284 0.037037
