1 0.920678 0.689145 0.073822 0.089427
1 0.344193 0.794851 0.129224 0.124074
1 0.434579 0.885669 0.152725 0.139228
2 0.459512 0.628806 0.023168 0.060939
8 0.080010 0.726054 0.091144 0.114302
8 0.171455 0.686314 0.073566 0.113997
8 0.389385 0.623669 0.033787 0.061312
1 0.820729 0.578664 0.035776 0.032688
8 0.134749 0.694311 0.090314 0.113570
8 0.281788 0.653365 0.064649 0.078024
2 0.795875 0.623480 0.021160 0.052386
8 0.847139 0.636658 0.044683 0.071961
1 0.550823 0.618225 0.043520 0.056470
1 0.783471 0.564756 0.038724 0.041632
