8 0.353195 0.690781 0.049190 0.093983
8 0.237266 0.595326 0.051835 0.064823
1 0.401555 0.836083 0.114262 0.137395
8 0.227084 0.727754 0.059512 0.110739
0 0.409570 0.633554 0.016248 0.074263
2 0.867788 0.629267 0.022150 0.060813
2 0.542919 0.564276 0.016430 0.060237
8 0.530619 0.515969 0.017896 0.039547
7 0.056524 0.686227 0.112795 0.249442
0 0.924004 0.768570 0.022552 0.108682
8 0.371555 0.631234 0.045634 0.055099
2 0.702208 0.559753 0.013821 0.042877
6 0.795399 0.595625 0.098060 0.134873
2 0.196358 0.579873 0.018965 0.053627
8 0.206847 0.657007 0.044671 0.077328
2 0.483970 0.517415 0.011313 0.039284
0 0.952452 0.770126 0.019135 0.105947
0 0.303637 0.645076 0.021529 0.073150
2 0.502025 0.540761 0.013220 0.054191
0 0.956355 0.770540 0.024060 0.108210
8 0.651786 0.523232 0.025146 0.039854
0 0.302103 0.635945 0.023771 0.092865
6 0.817165 0.596890 0.050787 0.106449
7 0.022090 0.702768 0.044180 0.285077
8 0.505168 0.480289 0.022536 0.037097
8 0.378802 0.631038 0.033628 0.059555
0 0.269078 0.726756 0.019456 0.099258
8 0.010979 0.786118 0.021819 0.130344
