8 0.457412 0.704666 0.050371 0.107498
2 0.312881 0.740731 0.040705 0.101386
8 0.533747 0.556987 0.021586 0.049894
8 0.085600 0.784317 0.104668 0.136898
8 0.447556 0.593247 0.037550 0.056619
8 0.790935 0.600121 0.034818 0.061794
2 0.925051 0.669108 0.028204 0.071786
8 0.266012 0.664891 0.069537 0.084691
8 0.322638 0.639141 0.071044 0.096838
2 0.508430 0.613666 0.018756 0.067508
8 0.212550 0.668358 0.067072 0.085073
2 0.760952 0.598473 0.014527 0.041305
8 0.709773 0.564290 0.023442 0.045458
2 0.472946 0.625900 0.019543 0.059367
0 0.105473 0.614534 0.016873 0.077887
2 0.890843 0.629741 0.024076 0.058237
2 0.510282 0.529885 0.010173 0.035293
2 0.495868 0.518887 0.010864 0.041914
0 0.124226 0.614064 0.024466 0.077709
8 0.159059 0.661843 0.056585 0.083397
2 0.028115 0.593504 0.054938 0.053418
8 0.890509 0.629252 0.024975 0.057995
0 0.118369 0.614651 0.037127 0.077884
2 0.672709 0.553294 0.011444 0.040698
2 0.504355 0.571249 0.013349 0.046155
0 0.408974 0.596918 0.011143 0.056358
