8 0.860962 0.350679 0.048534 0.081826
2 0.923183 0.364859 0.028205 0.063695
2 0.491660 0.330202 0.028487 0.083488
2 0.379169 0.313134 0.030419 0.086366
2 0.497325 0.225672 0.017693 0.057779
1 0.717805 0.324547 0.079627 0.081343
2 0.411138 0.248379 0.023797 0.060258
8 0.421403 0.491689 0.067842 0.178384
2 0.441537 0.274896 0.041330 0.073186
2 0.676633 0.330824 0.028118 0.066931
1 0.381536 0.189770 0.050354 0.046000
6 0.049693 0.543270 0.099386 0.417942
1 0.253126 0.217904 0.030968 0.043510
2 0.279832 0.253181 0.018803 0.056738
