2 0.538961 0.542163 0.049556 0.108062
8 0.358484 0.427933 0.053049 0.109554
1 0.414827 0.365376 0.046113 0.082199
2 0.222062 0.492468 0.036739 0.120010
2 0.172243 0.467987 0.035511 0.108823
2 0.269195 0.518258 0.044991 0.105329
2 0.289156 0.657824 0.054113 0.150944
2 0.626468 0.610521 0.044718 0.126747
8 0.374196 0.787505 0.101525 0.398583
2 0.212284 0.359326 0.031558 0.087417
1 0.917468 0.478266 0.086533 0.074824
2 0.218532 0.674167 0.046815 0.152083
2 0.299040 0.383002 0.025229 0.088395
2 0.353795 0.625298 0.042716 0.126047
2 0.164117 0.717131 0.040195 0.145503
2 0.111761 0.614370 0.046843 0.149404
2 0.219711 0.852211 0.076002 0.194418
