8 0.653759 0.462475 0.075168 0.150134
1 0.528321 0.400522 0.081172 0.114934
1 0.763213 0.691082 0.195749 0.242318
1 0.504464 0.288576 0.050176 0.086563
1 0.571981 0.340912 0.077444 0.105891
1 0.815528 0.344845 0.071100 0.068657
2 0.447836 0.358603 0.035102 0.100529
2 0.358392 0.248798 0.020681 0.060050
2 0.634777 0.354306 0.027581 0.070374
2 0.384276 0.258746 0.020362 0.074700
8 0.411955 0.237458 0.029743 0.060273
6 0.412206 0.238061 0.031460 0.059651
2 0.226159 0.272091 0.017198 0.050594
8 0.496521 0.175241 0.021147 0.048544
