1 0.514752 0.467229 0.120330 0.171714
1 0.559171 0.283375 0.087123 0.070256
1 0.485002 0.274496 0.050511 0.075300
2 0.450722 0.284024 0.023498 0.071183
2 0.413590 0.246049 0.026951 0.082648
2 0.687604 0.343758 0.042198 0.076397
2 0.683624 0.335319 0.051775 0.088856
0 0.054130 0.421537 0.024251 0.107001
1 0.478844 0.237848 0.041961 0.061136
2 0.674856 0.330977 0.034145 0.083144
1 0.481999 0.253753 0.049232 0.094130
8 0.505804 0.207657 0.024633 0.045012
1 0.483325 0.163928 0.024681 0.045339
1 0.246129 0.269490 0.054359 0.088851
