2 0.441140 0.368963 0.049356 0.119551
2 0.294658 0.411338 0.050079 0.134322
2 0.522169 0.378127 0.043147 0.106820
8 0.589446 0.491630 0.078719 0.205161
2 0.238153 0.528623 0.070289 0.153613
2 0.662836 0.447761 0.041110 0.128798
2 0.408389 0.452662 0.057526 0.143715
8 0.322895 0.814400 0.263295 0.351139
8 0.070152 0.669757 0.137578 0.250807
2 0.164390 0.744908 0.085388 0.209146
8 0.096116 0.678015 0.184442 0.242990
2 0.176434 0.524666 0.058444 0.143441
2 0.050011 0.902785 0.100021 0.184286
2 0.455033 0.211463 0.032873 0.080614
0 0.455375 0.208953 0.032164 0.077924
2 0.166978 0.373474 0.053657 0.100578
2 0.034719 0.891771 0.069438 0.171489
1 0.334700 0.175959 0.022692 0.052253
