1 0.553743 0.393858 0.088173 0.116384
8 0.398152 0.384516 0.046579 0.127713
1 0.712051 0.576707 0.159642 0.206058
2 0.437819 0.289602 0.024055 0.067052
8 0.307466 0.396407 0.059621 0.137016
2 0.392556 0.284262 0.023466 0.070112
1 0.162560 0.392382 0.094393 0.118076
2 0.457409 0.328360 0.021679 0.069331
8 0.513678 0.294307 0.037180 0.078583
2 0.347675 0.617576 0.053379 0.178377
8 0.534162 0.264701 0.047451 0.076376
1 0.011784 0.693271 0.023363 0.170840
8 0.515426 0.280478 0.041812 0.075134
2 0.010554 0.684523 0.021041 0.186211
8 0.410476 0.191765 0.018879 0.047143
1 0.472403 0.234253 0.032312 0.047064
