1 0.525567 0.568644 0.146979 0.219543
1 0.620226 0.456129 0.105044 0.119879
1 0.494007 0.325484 0.058019 0.086847
1 0.646873 0.312399 0.082295 0.072669
1 0.433089 0.343507 0.065341 0.092684
1 0.396900 0.840274 0.155438 0.303333
1 0.487691 0.250516 0.036393 0.058549
1 0.535060 0.296145 0.042789 0.059186
1 0.582565 0.349924 0.056490 0.093203
2 0.721318 0.334338 0.041084 0.065476
2 0.412812 0.200595 0.022145 0.050127
1 0.312754 0.192255 0.032749 0.045542
1 0.253526 0.216411 0.029457 0.041929
8 0.582198 0.349394 0.056335 0.093202
1 0.451826 0.218174 0.029795 0.034859
1 0.449866 0.210000 0.034336 0.042730
