1 0.494135 0.326100 0.057554 0.083775
1 0.619053 0.455084 0.103675 0.117131
1 0.518803 0.550440 0.144818 0.201237
1 0.650145 0.311779 0.074384 0.072663
1 0.393226 0.816917 0.160610 0.346666
1 0.433117 0.339928 0.063024 0.090332
1 0.534306 0.295407 0.044057 0.059560
1 0.487518 0.248606 0.035584 0.055653
1 0.580453 0.349454 0.055746 0.095306
2 0.410908 0.200894 0.018536 0.051183
1 0.451263 0.215689 0.033460 0.036936
1 0.253572 0.216372 0.028851 0.043307
1 0.450204 0.207048 0.034616 0.048620
1 0.310702 0.193143 0.034678 0.048261
2 0.720518 0.334646 0.042402 0.066049
8 0.580417 0.348250 0.055751 0.095095
2 0.361586 0.222561 0.018444 0.062140
2 0.624960 0.364854 0.025313 0.051923
