8 0.418877 0.209507 0.023278 0.050006
1 0.630794 0.339527 0.089217 0.085608
2 0.102124 0.387582 0.030862 0.091838
2 0.380278 0.344941 0.026362 0.085961
8 0.691414 0.357970 0.071224 0.097557
1 0.238418 0.284016 0.054323 0.082427
2 0.393779 0.267196 0.022946 0.061592
8 0.504019 0.283313 0.033844 0.070892
2 0.454752 0.313824 0.022561 0.076878
2 0.427806 0.261813 0.019788 0.065851
2 0.934372 0.329160 0.021877 0.055802
2 0.834700 0.356139 0.028244 0.080342
2 0.500354 0.336966 0.022976 0.070813
2 0.323373 0.837301 0.072994 0.225183
1 0.461947 0.207292 0.027857 0.048923
2 0.481618 0.346136 0.021689 0.088594
2 0.484589 0.340962 0.023596 0.080583
2 0.183744 0.293555 0.022097 0.064811
8 0.865666 0.326991 0.028680 0.056960
2 0.499996 0.338840 0.031745 0.074711
1 0.489617 0.231486 0.030449 0.044430
1 0.254692 0.213701 0.029071 0.049721
2 0.546008 0.740137 0.059668 0.155030
