7 0.269109 0.094649 0.093118 0.092387
7 0.115917 0.207963 0.228685 0.331547
0 0.329651 0.554374 0.064321 0.163303
0 0.402647 0.449454 0.043439 0.140630
0 0.474130 0.480540 0.040102 0.131104
0 0.261206 0.441985 0.036956 0.093008
0 0.435968 0.482154 0.032979 0.124743
0 0.530037 0.475767 0.048380 0.182521
0 0.307090 0.451821 0.040649 0.114302
0 0.192946 0.454037 0.039695 0.195091
0 0.109074 0.530256 0.058205 0.176893
0 0.041944 0.570077 0.040644 0.235233
0 0.926338 0.280999 0.037066 0.183707
0 0.096213 0.518584 0.041012 0.177327
0 0.115427 0.542379 0.050150 0.165391
0 0.236295 0.595970 0.059809 0.265312
