7 0.447479 0.122511 0.269096 0.151375
0 0.756710 0.780968 0.091216 0.416171
7 0.150514 0.127182 0.301028 0.235342
0 0.330945 0.629266 0.060409 0.275648
0 0.874472 0.824755 0.085622 0.338678
7 0.230060 0.108297 0.128004 0.111978
0 0.527900 0.570616 0.057417 0.178494
0 0.580254 0.486881 0.064893 0.348754
0 0.549742 0.422263 0.044624 0.216328
0 0.024403 0.779611 0.048806 0.283648
0 0.549804 0.463450 0.047521 0.308126
0 0.896182 0.229573 0.030271 0.095744
0 0.037442 0.768461 0.074883 0.295055
0 0.591863 0.481346 0.036616 0.329231
7 0.568939 0.086296 0.193666 0.166851
0 0.616735 0.314553 0.052707 0.148999
